1 2 79.46
1 3 83.53
1 14 78.83
1 18 78.16
2 1 79.46
2 14 82.53
2 18 60.02
3 1 83.53
3 12 80.73
4 10 78.34
4 20 82.75
5 6 75.45
5 9 75.59
5 15 82.90
5 17 82.75
6 5 75.45
6 9 82.04
6 15 82.50
6 17 76.90
7 19 81.89
8 11 77.56
8 19 83.50
9 5 75.59
9 6 82.04
10 4 78.34
10 15 82.13
10 16 83.02
10 17 83.53
10 20 80.13
11 8 77.56
11 19 81.22
12 3 80.73
13 14 82.59
13 15 76.65
14 1 78.83
14 2 82.53
14 13 82.59
14 18 81.74
15 5 82.90
15 6 82.50
15 10 82.13
15 13 76.65
16 10 83.02
16 20 70.25
17 5 82.75
17 6 76.90
17 10 83.53
17 20 83.84
18 1 78.16
18 2 60.02
18 14 81.74
19 7 81.89
19 8 83.50
19 11 81.22
20 4 82.75
20 10 80.13
20 16 70.25
20 17 83.84